==========================================================================================
PXView GUI Lag Analysis - Capture & Decode Profile
==========================================================================================
Profile: c:\Users\admin\Downloads\PXView-main_2026_4_27cppnb\doc\PXView.exe 2026-05-21 09.53 profile.json

Loaded 10734 symbols from nm output
==========================================================================================
1. PROFILE OVERVIEW
==========================================================================================
Product: PXView.exe
OS: Windows 10.0.26200
Interval: 1 ms
Libraries: 73

==========================================================================================
2. THREAD SUMMARY (sorted by CPU)
==========================================================================================
Idx   Name                                     Main   Samples  CPU(ms)    Start      End       
-----------------------------------------------------------------------------------------------
0     PXView.exe                               Y      13951    5170.9     666        140320    
33    collect_proc                                    7157     3573.6     13291      63351     
36    pwm-1                                           12754    2597.6     13405      118614    
37    pwm_c-1                                         12779    1662.7     13404      83111     
34    Thread <44572>                                  95233    1432.8     13290      118961    
35    Thread <73924>                                  60614    873.4      13290      83115     
7     hotplug_proc                                    3224     286.5      860        140236    
6     Thread <19680>                                  9822     89.7       791        63336     
16    Thread <51528>                                  5154     69.0       2480       126224    
1     Thread <32624>                                  50       9.0        674        60677     
2     Thread <62168>                                  64       5.3        674        60677     
3     Thread <65540>                                  53       4.3        675        60677     
50    WerFault.exe                             Y      17       4.3        140244     140312    
32    Thread <16472>                                  11       2.9        5165       5179      
15    Thread (pooled)                                 27       2.3        1791       45297     
8     Thread (pooled)                                 26       2.3        1792       45298     
14    Thread (pooled)                                 29       2.3        1791       45547     
11    Thread (pooled)                                 30       2.3        1791       45548     
39    Thread (pooled)                                 51       2.2        71343      132124    
47    Thread <69440>                                  3        2.1        131147     131152    
41    Thread (pooled)                                 28       2.1        131063     132124    
9     Thread (pooled)                                 29       2.1        1791       43391     
38    Thread (pooled)                                 49       2.0        71343      132123    
12    Thread (pooled)                                 29       1.9        1791       43391     
13    Thread (pooled)                                 29       1.8        1791       43390     
42    Thread (pooled)                                 27       1.8        131063     132124    
43    Thread (pooled)                                 26       1.8        131063     132124    
10    Thread (pooled)                                 23       1.7        1791       43375     
45    Thread (pooled)                                 27       1.7        131063     132124    
40    Thread (pooled)                                 26       1.6        131062     132124    
44    Thread (pooled)                                 26       1.6        131063     132124    
28    Thread <68216>                                  97       1.3        5053       131711    
19    Thread <56300>                                  84       1.2        4604       132233    
29    Thread <3908>                                   41       1.0        5106       132413    
20    Thread <49696>                                  44       0.9        4610       132413    
21    Thread <72332>                                  34       0.8        4610       132415    
31    Thread <68248>                                  35       0.7        5155       131307    
51    Thread <61632>                                  18       0.5        140252     140292    
5     Thread <48176>                                  5        0.4        738        134696    
30    Thread <72276>                                  29       0.4        5155       131308    
53    Thread <22128>                                  9        0.4        140252     140272    
4     Thread <56676>                                  10       0.4        738        131145    
23    Thread <49552>                                  4        0.3        4626       127333    
24    Thread <27412>                                  4        0.2        4648       34649     
52    Thread <75124>                                  9        0.2        140253     140271    
17    ShellHandwriting Delegate Thread                3        0.1        4563       5035      

==========================================================================================
3. MAIN THREAD (index 0) - FULL ANALYSIS
==========================================================================================
Samples: 13951
Time range: 666 - 140320 ms (139.7s)
Total CPU: 5170.9 ms

--- CPU Timeline (200ms bins) ---
Time(s)    CPU(ms)    Samples  Bar
----------------------------------------------------------------------
0.6        5.2        26       #####
0.8        4.4        1        ####
1.0        2.4        1        ##
1.2        4.7        2        ####
1.4        0.0        1        
1.6        10.4       12       ##########
1.8        2.1        33       ##
2.0        1.6        32       #
2.2        3.9        22       ###
2.4        0.6        12       
2.6        2.6        25       ##
2.8        4.0        22       ####
3.0        1.8        35       #
3.2        1.5        28       #
3.4        1.9        28       #
3.6        2.6        27       ##
3.8        0.1        4        
4.0        1.4        6        #
4.2        0.1        4        
4.4        14.2       30       ##############
4.6        12.0       40       ###########
4.8        4.5        14       ####
5.0        10.9       117      ##########
5.2        14.2       126      ##############
5.4        3.9        71       ###
5.6        0.1        10       
5.8        6.2        97       ######
6.0        0.5        32       
6.2        1.6        68       #
6.4        1.1        34       #
6.6        0.1        9        
6.8        0.1        14       
7.0        0.5        27       
7.2        1.4        19       #
7.4        0.4        17       
7.6        3.7        16       ###
7.8        0.3        16       
8.0        1.9        13       #
8.2        0.2        13       
8.4        0.2        13       
8.6        0.3        16       
8.8        0.2        13       
9.0        0.1        12       
9.2        1.1        9        #
9.4        0.2        12       
9.6        1.0        37       
9.8        0.5        18       
10.0       0.9        46       
10.2       0.2        11       
10.4       0.3        13       
10.6       0.5        19       
10.8       22.2       66       ######################
11.0       32.9       62       ################################
11.2       31.3       71       ###############################
11.4       23.3       52       #######################
11.6       8.5        37       ########
11.8       3.0        116      ##
12.0       1.3        42       #
12.2       2.3        78       ##
12.4       2.3        50       ##
12.6       1.3        38       #
12.8       2.8        91       ##
13.0       0.2        15       
13.2       4.4        33       ####
13.4       11.8       46       ###########
13.6       11.0       52       ##########
13.8       10.8       63       ##########
14.0       12.5       55       ############
14.2       11.6       82       ###########
14.4       6.6        49       ######
14.6       12.2       52       ############
14.8       14.5       67       ##############
15.0       13.7       74       #############
15.2       6.3        79       ######
15.4       8.8        88       ########
15.6       5.0        63       #####
15.8       7.7        54       #######
16.0       9.9        67       #########
16.2       13.6       91       #############
16.4       10.7       65       ##########
16.6       27.5       63       ###########################
16.8       8.4        82       ########
17.0       23.9       66       #######################
17.2       15.0       60       ##############
17.4       2.7        29       ##
17.6       20.4       25       ####################
17.8       6.9        57       ######
18.0       13.1       55       #############
18.2       18.6       53       ##################
18.4       5.2        50       #####
18.6       17.5       4        #################
18.8       2.7        22       ##
19.0       9.4        50       #########
19.2       9.7        55       #########
19.4       8.0        54       ########
19.6       16.7       56       ################
19.8       12.0       65       ############
20.0       4.4        3        ####
20.2       3.5        4        ###
20.4       4.5        7        ####
20.6       2.7        3        ##
20.8       13.2       8        #############
21.0       11.3       3        ###########
21.2       8.2        3        ########
21.4       9.5        4        #########
21.6       5.5        6        #####
21.8       3.6        37       ###
22.0       17.8       85       #################
22.2       13.0       69       #############
22.4       9.0        50       ########
22.6       8.3        50       ########
22.8       15.1       65       ###############
23.0       18.0       95       ##################
23.2       8.8        80       ########
23.4       11.6       69       ###########
23.6       6.9        77       ######
23.8       10.3       91       ##########
24.0       14.8       69       ##############
24.2       11.7       64       ###########
24.4       21.1       72       #####################
24.6       13.1       47       #############
24.8       16.9       59       ################
25.0       23.7       66       #######################
25.2       20.3       64       ####################
25.4       22.5       58       ######################
25.6       15.5       52       ###############
25.8       17.7       41       #################
26.0       4.3        13       ####
26.2       14.6       30       ##############
26.4       4.0        3        ####
26.6       13.3       36       #############
26.8       5.0        56       #####
27.0       15.7       56       ###############
27.2       6.0        56       ######
27.4       7.8        42       #######
27.6       23.2       54       #######################
27.8       19.1       45       ###################
28.0       9.2        2        #########
28.2       4.6        5        ####
28.4       0.7        3        
28.6       8.1        4        ########
28.8       12.4       3        ############
29.0       6.7        9        ######
29.2       4.0        4        ####
29.4       9.5        3        #########
29.6       1.9        2        #
29.8       2.5        3        ##
30.0       3.9        3        ###
30.2       6.5        5        ######
30.4       7.2        6        #######
30.6       9.8        4        #########
30.8       13.6       3        #############
31.0       5.2        6        #####
31.2       5.8        6        #####
31.4       2.1        4        ##
31.6       4.0        2        ###
31.8       1.0        5        
32.0       7.1        4        #######
32.2       6.1        3        ######
32.4       13.0       4        #############
32.6       6.3        30       ######
32.8       10.5       58       ##########
33.0       6.4        57       ######
33.2       0.3        11       
33.4       6.0        3        #####
33.6       2.8        14       ##
33.8       10.5       54       ##########
34.0       7.3        83       #######
34.2       13.0       58       ############
34.4       19.4       92       ###################
34.6       26.6       61       ##########################
34.8       11.4       65       ###########
35.0       14.7       75       ##############
35.2       12.4       63       ############
35.4       13.8       52       #############
35.6       9.6        41       #########
35.8       2.8        2        ##
36.0       9.1        5        #########
36.2       4.3        2        ####
36.4       5.8        3        #####
36.6       8.2        24       ########
36.8       13.6       63       #############
37.0       32.1       69       ################################
37.2       15.7       47       ###############
37.4       12.6       51       ############
37.6       13.7       57       #############
37.8       10.9       43       ##########
38.0       14.6       54       ##############
38.2       14.1       55       ##############
38.4       8.0        44       #######
38.6       16.1       53       ################
38.8       4.9        62       ####
39.0       7.2        50       #######
39.2       24.7       61       ########################
39.4       9.8        57       #########
39.6       16.4       52       ################
39.8       8.8        50       ########
40.0       16.3       45       ################
40.2       13.4       52       #############
40.4       5.6        39       #####
40.6       0.1        3        
40.8       13.2       5        #############
41.0       5.7        5        #####
41.2       23.3       3        #######################
41.4       2.0        3        ##
41.6       1.4        2        #
41.8       7.0        41       ######
42.0       12.1       57       ############
42.2       9.3        49       #########
42.4       10.5       53       ##########
42.6       8.8        48       ########
42.8       5.5        4        #####
43.0       15.7       3        ###############
43.2       0.1        3        
43.4       10.6       5        ##########
43.6       6.8        3        ######
43.8       9.6        4        #########
44.0       6.1        3        ######
44.2       2.3        3        ##
44.4       3.1        2        ###
44.6       4.9        2        ####
44.8       10.4       3        ##########
45.0       8.4        47       ########
45.2       5.0        58       ####
45.4       5.0        53       ####
45.6       19.0       58       ###################
45.8       4.7        64       ####
46.0       6.1        23       ######
46.2       1.4        3        #
46.4       2.1        4        ##
46.6       11.7       3        ###########
46.8       10.3       3        ##########
47.0       1.4        2        #
47.2       0.8        2        
47.4       5.7        3        #####
47.6       20.0       39       ####################
47.8       13.2       62       #############
48.0       11.8       53       ###########
48.2       8.9        46       ########
48.4       21.2       52       #####################
48.6       13.1       48       #############
48.8       8.2        44       ########
49.0       6.0        47       #####
49.2       13.3       61       #############
49.4       10.1       36       ##########
49.6       4.7        50       ####
49.8       2.9        53       ##
50.0       8.7        51       ########
50.2       13.4       56       #############
50.4       9.5        53       #########
50.6       14.6       43       ##############
50.8       13.5       54       #############
51.0       4.4        51       ####
51.2       10.4       41       ##########
51.4       6.3        53       ######
51.6       4.0        53       ####
51.8       2.7        62       ##
52.0       17.9       47       #################
52.2       15.3       50       ###############
52.4       3.8        52       ###
52.6       11.9       50       ###########
52.8       7.4        54       #######
53.0       12.0       54       ###########
53.2       6.1        52       ######
53.4       9.8        51       #########
53.6       6.1        47       ######
53.8       10.0       61       ##########
54.0       3.3        51       ###
54.2       11.8       4        ###########
54.4       14.7       5        ##############
54.6       5.5        6        #####
54.8       6.0        7        ######
55.0       3.5        12       ###
55.2       7.4        13       #######
55.4       12.7       13       ############
55.6       16.1       22       ################
55.8       17.6       25       #################
56.0       7.0        26       ######
56.2       20.5       37       ####################
56.4       13.9       29       #############
56.6       4.2        33       ####
56.8       12.5       34       ############
57.0       10.8       35       ##########
57.2       12.8       41       ############
57.4       27.4       54       ###########################
57.6       10.2       51       ##########
57.8       5.0        36       ####
58.0       9.3        41       #########
58.2       20.0       52       ###################
58.4       7.9        38       #######
58.6       6.0        52       #####
58.8       9.3        56       #########
59.0       10.8       50       ##########
59.2       5.8        54       #####
59.4       10.3       45       ##########
59.6       10.9       53       ##########
59.8       8.2        44       ########
60.0       9.9        41       #########
60.2       12.2       51       ############
60.4       7.1        54       #######
60.6       13.9       37       #############
60.8       7.1        57       #######
61.0       10.9       51       ##########
61.2       14.0       55       ##############
61.4       10.0       50       #########
61.6       6.9        53       ######
61.8       3.8        59       ###
62.0       16.8       54       ################
62.2       7.3        51       #######
62.4       9.4        47       #########
62.6       11.6       49       ###########
62.8       10.7       60       ##########
63.0       9.0        50       ########
63.2       7.6        38       #######
63.4       11.8       24       ###########
63.6       6.8        22       ######
63.8       3.4        10       ###
64.0       1.3        2        #
64.2       8.1        4        ########
64.4       4.4        2        ####
64.6       7.5        2        #######
64.8       0.0        2        
65.0       5.6        3        #####
65.2       10.1       2        ##########
65.4       8.1        2        ########
65.6       1.3        4        #
65.8       6.4        3        ######
66.0       11.0       6        ##########
66.2       1.1        2        #
66.4       6.8        3        ######
66.6       1.5        3        #
66.8       4.6        3        ####
67.0       10.0       4        #########
67.2       5.1        2        #####
67.4       11.5       3        ###########
67.6       9.2        3        #########
67.8       6.7        3        ######
68.0       6.1        1        ######
68.2       2.0        5        ##
68.4       11.1       2        ###########
68.6       2.9        2        ##
68.8       4.2        3        ####
69.0       1.0        2        #
69.2       8.8        3        ########
69.4       0.0        2        
69.6       1.5        2        #
69.8       7.8        7        #######
70.0       1.2        2        #
70.2       1.7        2        #
70.4       0.0        2        
70.6       4.7        2        ####
70.8       0.1        3        
71.0       8.5        3        ########
71.2       7.8        8        #######
71.4       6.0        3        #####
71.6       1.6        2        #
71.8       4.7        3        ####
72.0       6.6        3        ######
72.2       7.2        3        #######
72.4       4.6        3        ####
72.6       8.1        2        ########
72.8       1.6        12       #
73.0       2.1        3        ##
73.2       18.9       2        ##################
73.4       9.2        2        #########
73.6       8.1        3        ########
73.8       10.2       4        ##########
74.0       2.3        2        ##
74.2       3.3        2        ###
74.4       2.5        4        ##
74.6       0.0        2        
74.8       1.8        3        #
75.0       6.4        3        ######
75.2       3.9        3        ###
75.4       6.1        2        ######
75.6       1.5        2        #
75.8       11.8       3        ###########
76.0       10.1       17       ##########
76.2       1.4        3        #
76.4       2.1        3        ##
76.6       4.0        2        ####
76.8       4.1        3        ####
77.0       3.6        2        ###
77.2       9.8        3        #########
77.4       1.9        9        #
77.6       8.4        3        ########
77.8       6.8        3        ######
78.0       2.6        3        ##
78.2       6.4        3        ######
78.4       6.1        3        ######
78.6       2.8        2        ##
78.8       0.9        6        
79.0       8.8        2        ########
79.2       9.2        3        #########
79.4       7.2        2        #######
79.6       3.1        2        ###
79.8       6.3        2        ######
80.0       15.4       7        ###############
80.2       0.0        2        
80.4       4.9        3        ####
80.6       4.6        1        ####
80.8       19.2       3        ###################
81.0       11.4       2        ###########
81.2       3.9        7        ###
81.4       11.0       3        ##########
81.6       4.5        2        ####
81.8       1.2        4        #
82.0       15.8       2        ###############
82.2       2.7        3        ##
82.4       7.5        2        #######
82.6       15.7       3        ###############
82.8       3.9        3        ###
83.0       0.3        2        
83.2       6.4        3        ######
83.4       9.1        4        #########
83.6       1.4        5        #
83.8       0.0        2        
84.0       21.4       3        #####################
84.2       5.2        2        #####
84.4       10.4       2        ##########
84.6       1.1        2        #
84.8       10.9       2        ##########
85.0       10.0       3        ##########
85.2       1.6        3        #
85.4       3.2        3        ###
85.6       1.0        2        
85.8       7.0        2        ######
86.0       7.6        3        #######
86.2       4.4        2        ####
86.4       7.1        8        #######
86.6       2.8        7        ##
86.8       1.5        2        #
87.0       9.0        3        #########
87.2       10.8       2        ##########
87.4       5.8        2        #####
87.6       8.8        4        ########
87.8       9.7        3        #########
88.0       1.7        2        #
88.2       5.3        2        #####
88.4       7.3        2        #######
88.6       14.2       3        ##############
88.8       6.3        2        ######
89.0       12.0       4        ############
89.2       2.9        3        ##
89.4       7.4        4        #######
89.6       23.1       3        #######################
89.8       0.1        3        
90.0       0.1        2        
90.2       7.8        2        #######
90.4       1.0        2        
90.6       13.2       3        #############
90.8       5.0        2        #####
91.0       1.8        2        #
91.2       0.8        4        
91.4       1.9        3        #
91.6       2.9        6        ##
91.8       11.5       3        ###########
92.0       4.6        3        ####
92.2       5.5        2        #####
92.4       7.8        2        #######
92.6       1.6        2        #
92.8       3.3        3        ###
93.0       4.0        2        ####
93.2       8.5        11       ########
93.4       2.6        2        ##
93.6       5.7        2        #####
93.8       5.5        3        #####
94.0       6.3        2        ######
94.2       14.8       3        ##############
94.4       4.1        2        ####
94.6       6.1        3        ######
94.8       10.9       3        ##########
95.0       4.8        3        ####
95.2       5.2        5        #####
95.4       3.7        2        ###
95.6       26.5       3        ##########################
95.8       11.7       2        ###########
96.0       7.4        2        #######
96.2       1.5        3        #
96.4       1.7        2        #
96.6       4.6        3        ####
96.8       12.5       3        ############
97.0       5.7        6        #####
97.2       7.4        2        #######
97.4       2.7        3        ##
97.6       3.3        2        ###
97.8       4.4        2        ####
98.0       4.9        3        ####
98.2       7.2        2        #######
98.4       2.6        2        ##
98.6       5.2        2        #####
98.8       1.6        3        #
99.0       3.9        11       ###
99.2       0.9        2        
99.4       5.2        3        #####
99.6       2.0        2        ##
99.8       10.8       3        ##########
100.0      1.6        2        #
100.2      3.7        3        ###
100.4      7.8        5        #######
100.6      2.8        4        ##
100.8      5.4        3        #####
101.0      10.7       2        ##########
101.2      3.6        4        ###
101.4      2.2        3        ##
101.6      6.6        3        ######
101.8      1.9        4        #
102.0      13.6       2        #############
102.2      6.0        3        ######
102.4      3.6        3        ###
102.6      1.3        3        #
102.8      0.1        2        
103.0      3.2        2        ###
103.2      3.1        3        ###
103.4      1.2        4        #
103.6      10.0       3        ##########
103.8      5.0        2        #####
104.0      11.8       4        ###########
104.2      5.8        2        #####
104.4      7.8        2        #######
104.6      8.6        2        ########
104.8      5.6        2        #####
105.0      0.9        3        
105.2      6.1        2        ######
105.4      1.2        4        #
105.6      4.9        2        ####
105.8      5.5        3        #####
106.0      1.2        3        #
106.2      3.9        6        ###
106.4      6.4        2        ######
106.6      17.4       4        #################
106.8      15.0       14       ##############
107.0      8.8        3        ########
107.2      1.3        2        #
107.4      5.7        2        #####
107.6      13.9       2        #############
107.8      2.3        2        ##
108.0      8.0        6        ########
108.2      7.8        4        #######
108.4      4.1        2        ####
108.6      3.6        3        ###
108.8      8.0        2        ########
109.0      3.8        3        ###
109.2      7.1        3        #######
109.4      1.3        9        #
109.6      18.7       2        ##################
109.8      6.7        3        ######
110.0      8.3        2        ########
110.2      5.4        3        #####
110.4      0.1        3        
110.6      1.2        3        #
110.8      6.7        3        ######
111.0      6.4        3        ######
111.2      4.7        4        ####
111.4      6.0        3        ######
111.6      2.2        3        ##
111.8      7.2        6        #######
112.0      0.1        3        
112.2      3.6        3        ###
112.4      3.2        3        ###
112.6      9.3        3        #########
112.8      1.8        3        #
113.0      1.4        3        #
113.2      10.0       3        ##########
113.4      17.7       3        #################
113.6      3.8        3        ###
113.8      7.8        2        #######
114.0      1.4        2        #
114.2      12.1       3        ############
114.4      5.5        2        #####
114.6      8.7        5        ########
114.8      1.1        2        #
115.0      3.1        3        ###
115.2      1.5        3        #
115.4      2.0        2        ##
115.6      6.3        3        ######
115.8      9.7        2        #########
116.0      17.2       7        #################
116.2      12.3       2        ############
116.4      1.5        3        #
116.6      8.5        2        ########
116.8      5.6        6        #####
117.0      3.1        3        ###
117.2      5.2        4        #####
117.4      2.5        3        ##
117.6      4.1        2        ####
117.8      5.6        3        #####
118.0      10.1       3        ##########
118.2      5.7        3        #####
118.4      0.5        2        
118.6      9.7        2        #########
118.8      13.1       3        #############
119.0      1.8        2        #
119.2      16.9       2        ################
119.4      16.0       2        ###############
119.6      15.8       10       ###############
119.8      2.3        2        ##
120.0      10.4       3        ##########
120.2      3.7        2        ###
120.4      3.4        2        ###
120.6      15.6       3        ###############
120.8      11.7       2        ###########
121.0      0.1        2        
121.2      5.8        3        #####
121.4      15.4       2        ###############
121.6      11.6       2        ###########
121.8      5.2        2        #####
122.0      9.4        3        #########
122.2      0.1        1        
122.4      1.8        1        #
122.6      14.7       2        ##############
122.8      7.5        2        #######
123.0      4.6        3        ####
123.2      10.8       3        ##########
123.4      3.6        3        ###
123.6      7.4        2        #######
123.8      4.7        3        ####
124.0      8.4        3        ########
124.2      9.3        2        #########
124.4      3.8        2        ###
124.6      5.1        2        #####
124.8      10.4       3        ##########
125.0      1.7        2        #
125.2      0.6        2        
125.4      1.4        2        #
125.6      12.8       3        ############
125.8      5.4        2        #####
126.0      10.0       2        #########
126.2      16.5       30       ################
126.4      6.6        40       ######
126.6      9.3        49       #########
126.8      14.8       54       ##############
127.0      6.8        26       ######
127.2      0.2        12       
127.4      7.7        3        #######
127.6      5.1        2        #####
127.8      4.4        2        ####
128.0      8.1        2        ########
128.2      4.7        2        ####
128.4      4.3        2        ####
128.6      8.1        18       ########
128.8      4.8        37       ####
129.0      8.6        35       ########
129.2      4.7        23       ####
129.4      0.9        24       
129.6      12.0       27       ############
129.8      12.6       68       ############
130.0      22.6       58       ######################
130.2      3.0        66       ##
130.4      1.7        35       #
130.6      0.3        22       
130.8      0.5        30       
131.0      35.7       36       ###################################
131.2      6.2        112      ######
131.4      1.0        34       #
131.6      1.9        77       #
131.8      2.3        45       ##
132.0      4.3        48       ####
132.2      4.7        5        ####
132.4      0.0        1        
132.6      1.6        1        #
132.8      6.8        1        ######
133.0      1.3        1        #
133.2      1.4        1        #
133.4      0.0        1        
133.6      3.9        1        ###
133.8      6.3        3        ######
134.0      19.2       2        ###################
134.2      15.3       1        ###############
134.4      7.8        3        #######
134.6      6.1        3        ######
134.8      2.7        2        ##
135.0      0.0        2        
135.2      11.7       3        ###########
135.4      6.4        2        ######
135.6      0.7        1        
135.8      4.7        3        ####
136.0      7.4        2        #######
136.2      2.7        2        ##
136.4      5.2        3        #####
136.6      0.0        1        
136.8      7.6        2        #######
137.0      11.5       4        ###########
137.2      3.5        4        ###
137.4      1.6        2        #
137.6      7.2        3        #######
137.8      7.1        2        #######
138.0      16.7       2        ################
138.2      15.1       2        ###############
138.4      2.4        3        ##
138.6      13.6       2        #############
138.8      1.6        2        #
139.0      13.8       2        #############
139.2      1.6        2        #
139.4      3.2        3        ###
139.6      1.6        2        #
139.8      4.6        2        ####
140.0      9.1        5        #########
140.2      0.0        3        

==========================================================================================
4. LAG PERIOD DETECTION (main thread)
==========================================================================================
No significant lag periods detected. Analyzing full profile.

==========================================================================================
5. MAIN THREAD HOT FUNCTIONS (lag period 666-140320 ms)
==========================================================================================

--- SELF-TIME (leaf function) ---
Name                                                                   CPU(ms)    %       
------------------------------------------------------------------------------------------
NtUserMsgWaitForMultipleObjectsEx [win32u.dll]                         1744.7     33.7    
pv::view::DecodeTrace::draw_annotation::ERKNS_4data6decode10Annotation 1328.0     25.7    
pv::data::decode::RowData::get_annotation_subset::ERSt6vectorIPNS1_10A 152.5      3.0     
fun_3178c [ntdll.dll]                                                  147.5      2.9     
NtWaitForSingleObject [ntdll.dll]                                      127.2      2.5     
0x135d96 [Qt6Gui.dll]                                                  112.6      2.2     
NtUserPeekMessage [win32u.dll]                                         104.7      2.0     
NtUserSystemParametersInfo [win32u.dll]                                104.2      2.0     
pv::view::DecodeTrace::paint_mid::ER8QPainterii6QColorS4_+2253 [PXView 83.8       1.6     
NtGdiBitBlt [win32u.dll]                                               76.9       1.5     
NtUserMessageCall [win32u.dll]                                         47.6       0.9     
NtWaitForAlertByThreadId [ntdll.dll]                                   44.6       0.9     
pv::view::DecodeTrace::draw_annotation::ERKNS_4data6decode10Annotation 42.9       0.8     
NtFreeVirtualMemory [ntdll.dll]                                        31.8       0.6     
memcpy [msvcrt.dll]                                                    31.7       0.6     
NtUserWindowFromPoint [win32u.dll]                                     26.4       0.5     
0x31fbdb [Qt6Gui.dll]                                                  25.7       0.5     
0x136cf0 [Qt6Gui.dll]                                                  23.1       0.4     
pv::view::DecodeTrace::draw_annotation::ERKNS_4data6decode10Annotation 22.5       0.4     
0x36913b [Qt6Core.dll]                                                 22.4       0.4     
0x372f0a [Qt6Core.dll]                                                 21.8       0.4     
0x14242e [Qt6Gui.dll]                                                  21.1       0.4     
0x142436 [Qt6Gui.dll]                                                  20.8       0.4     
NtUserSetTimer [win32u.dll]                                            18.5       0.4     
RtlFreeHeap [ntdll.dll]                                                17.4       0.3     
pv::view::DecodeTrace::paint_mid::ER8QPainterii6QColorS4_+2261 [PXView 16.7       0.3     
pv::view::DecodeTrace::draw_annotation::ERKNS_4data6decode10Annotation 16.3       0.3     
NtUserPostMessage [win32u.dll]                                         16.1       0.3     
NtUserGetThreadState [win32u.dll]                                      15.6       0.3     
NtProtectVirtualMemory [ntdll.dll]                                     15.5       0.3     

--- TOTAL-TIME (anywhere in stack) ---
Name                                                                   CPU(ms)    %       
------------------------------------------------------------------------------------------
0x58de0 [Qt6Widgets.dll]                                               22224.3    429.8   
0x5751c [Qt6Widgets.dll]                                               22224.3    429.8   
0x58cdd [Qt6Widgets.dll]                                               13549.2    262.0   
DSApplication::notify::EP7QObjectP6QEvent+90 [PXView.exe]              5560.4     107.5   
0x65c7 [Qt6Widgets.dll]                                                5534.5     107.0   
__tmainCRTStartup+184 [PXView.exe]                                     5048.4     97.6    
.l_startw+17 [PXView.exe]                                              5048.4     97.6    
BaseThreadInitThunk [kernel32.dll]                                     5048.4     97.6    
RtlUserThreadStart [ntdll.dll]                                         5048.4     97.6    
0x47cde8 [Qt6Gui.dll]                                                  4745.9     91.8    
0x9ee04 [Qt6Core.dll]                                                  4745.9     91.8    
0x9c2a1 [Qt6Core.dll]                                                  4730.8     91.5    
main+2229 [PXView.exe]                                                 4730.8     91.5    
0x92937 [Qt6Core.dll]                                                  2787.2     53.9    
0x27eebc [Qt6Core.dll]                                                 2775.0     53.7    
0x47ce11 [Qt6Gui.dll]                                                  2702.8     52.3    
0x92027 [Qt6Core.dll]                                                  2701.2     52.2    
0x9654b [Qt6Core.dll]                                                  2701.2     52.2    
0x605f7 [Qt6Widgets.dll]                                               2578.8     49.9    
0x69d90 [Qt6Widgets.dll]                                               2519.1     48.7    
0x60824 [Qt6Widgets.dll]                                               2512.5     48.6    
0x56ce2 [Qt6Widgets.dll]                                               2490.5     48.2    
0x57b3b [Qt6Widgets.dll]                                               2490.5     48.2    
pv::view::Viewport::doPaint::ERK5QRect+2766 [PXView.exe]               2279.8     44.1    
pv::view::Viewport::paintSignals::ER8QPainter6QColorS4_+1724 [PXView.e 2236.0     43.2    
NtUserMsgWaitForMultipleObjectsEx [win32u.dll]                         1744.7     33.7    
0x27e959 [Qt6Core.dll]                                                 1688.6     32.7    
pv::view::DecodeTrace::paint_mid::ER8QPainterii6QColorS4_+2399 [PXView 1514.8     29.3    
pv::view::DecodeTrace::draw_annotation::ERKNS_4data6decode10Annotation 1328.0     25.7    
fun_c040 [user32.dll]                                                  547.3      10.6    

--- SELF-TIME by Library ---
Name                                                                   CPU(ms)    %       
------------------------------------------------------------------------------------------
win32u.dll                                                             2224.0     43.0    
PXView.exe                                                             1835.3     35.5    
Qt6Gui.dll                                                             476.4      9.2     
ntdll.dll                                                              421.0      8.1     
Qt6Core.dll                                                            157.0      3.0     
msvcrt.dll                                                             39.2       0.8     
libpython3.14.dll                                                      4.5        0.1     
Qt6Widgets.dll                                                         3.6        0.1     
DWrite.dll                                                             1.9        0.0     
libharfbuzz-0.dll                                                      1.8        0.0     
user32.dll                                                             1.8        0.0     
Qt6Svg.dll                                                             1.8        0.0     
imagehlp.dll                                                           1.6        0.0     
libstdc++-6.dll                                                        1.1        0.0     
ucrtbase.dll                                                           0.0        0.0     

--- CPU by Category ---
Name                                                                   CPU(ms)    %       
------------------------------------------------------------------------------------------
win32_ui                                                               2120.9     41.0    
pxview_app                                                             1835.3     35.5    
qt_gui_other                                                           476.4      9.2     
ntdll                                                                  229.9      4.4     
qt_core                                                                157.0      3.0     
lock_contention                                                        128.7      2.5     
win32_msg_pump                                                         104.8      2.0     
wait_sleep                                                             45.0       0.9     
memory_copy                                                            31.7       0.6     
heap_alloc                                                             17.4       0.3     
c_runtime                                                              8.6        0.2     
python_decoder                                                         4.5        0.1     
qt_widgets                                                             3.6        0.1     
other                                                                  3.4        0.1     
text_rendering_dwrite                                                  1.9        0.0     
text_shaping                                                           1.8        0.0     

--- Top Call Paths (top 6 frames) ---
Name                                                                   CPU(ms)    %       
------------------------------------------------------------------------------------------
NtUserMsgWaitForMultipleObjectsEx [win32u.dll] <- 0x27e959 [Qt6Core.dl 1685.6     32.6    
pv::view::DecodeTrace::draw_annotation::ERKNS_4data6decode10Annotation 1328.0     25.7    
pv::data::decode::RowData::get_annotation_subset::ERSt6vectorIPNS1_10A 152.5      3.0     
0x135d96 [Qt6Gui.dll] <- 0x142415 [Qt6Gui.dll] <- pv::view::Trace::get 112.6      2.2     
NtUserPeekMessage [win32u.dll] <- fun_138d8 [user32.dll] <- PeekMessag 104.7      2.0     
NtUserSystemParametersInfo [win32u.dll] <- fun_43cc0 [user32.dll] <- f 104.2      2.0     
fun_3178c [ntdll.dll] <- fun_42e70 [ntdll.dll] <- fun_2d620 [ntdll.dll 93.1       1.8     
pv::view::DecodeTrace::paint_mid::ER8QPainterii6QColorS4_+2253 [PXView 83.8       1.6     
NtGdiBitBlt [win32u.dll] <- BitBlt [gdi32full.dll] <- BitBlt [gdi32.dl 76.9       1.5     
NtWaitForSingleObject [ntdll.dll] <- WaitForSingleObjectEx [KernelBase 62.2       1.2     
NtUserMsgWaitForMultipleObjectsEx [win32u.dll] <- 0x27e8c2 [Qt6Core.dl 55.1       1.1     
fun_3178c [ntdll.dll] <- fun_42e70 [ntdll.dll] <- fun_2d620 [ntdll.dll 54.4       1.1     
pv::view::DecodeTrace::draw_annotation::ERKNS_4data6decode10Annotation 42.9       0.8     
NtWaitForAlertByThreadId [ntdll.dll] <- fun_9b630 [ntdll.dll] <- WaitO 35.2       0.7     
NtUserMessageCall [win32u.dll] <- fun_8d80 [user32.dll] <- fun_8ccb [u 30.9       0.6     
NtUserWindowFromPoint [win32u.dll] <- fun_e4770 [UIPFullx64.dll] <- fu 25.8       0.5     
0x31fbdb [Qt6Gui.dll] <- pv::data::decode::Annotation::D2Ev+21 [PXView 25.7       0.5     
0x136cf0 [Qt6Gui.dll] <- pv::view::Trace::get_text_colour::Ev+37 [PXVi 23.1       0.4     
memcpy [msvcrt.dll] <- St6vectorIPN2pv4data6decode10AnnotationESaIS4_E 23.0       0.4     
pv::view::DecodeTrace::draw_annotation::ERKNS_4data6decode10Annotation 22.5       0.4     

==========================================================================================
6. MAIN THREAD - FULL PROFILE CATEGORY BREAKDOWN
==========================================================================================

--- Category (full profile) ---
Name                                                                   CPU(ms)    %       
------------------------------------------------------------------------------------------
win32_ui                                                               2120.9     41.0    
pxview_app                                                             1835.3     35.5    
qt_gui_other                                                           476.4      9.2     
ntdll                                                                  229.9      4.4     
qt_core                                                                157.0      3.0     
lock_contention                                                        128.7      2.5     
win32_msg_pump                                                         104.8      2.0     
wait_sleep                                                             45.0       0.9     
memory_copy                                                            31.7       0.6     
heap_alloc                                                             17.4       0.3     
c_runtime                                                              8.6        0.2     
python_decoder                                                         4.5        0.1     
qt_widgets                                                             3.6        0.1     
other                                                                  3.4        0.1     
text_rendering_dwrite                                                  1.9        0.0     
text_shaping                                                           1.8        0.0     

--- Self-time (full profile) ---
Name                                                                   CPU(ms)    %       
------------------------------------------------------------------------------------------
NtUserMsgWaitForMultipleObjectsEx [win32u.dll]                         1744.7     33.7    
pv::view::DecodeTrace::draw_annotation::ERKNS_4data6decode10Annotation 1328.0     25.7    
pv::data::decode::RowData::get_annotation_subset::ERSt6vectorIPNS1_10A 152.5      3.0     
fun_3178c [ntdll.dll]                                                  147.5      2.9     
NtWaitForSingleObject [ntdll.dll]                                      127.2      2.5     
0x135d96 [Qt6Gui.dll]                                                  112.6      2.2     
NtUserPeekMessage [win32u.dll]                                         104.7      2.0     
NtUserSystemParametersInfo [win32u.dll]                                104.2      2.0     
pv::view::DecodeTrace::paint_mid::ER8QPainterii6QColorS4_+2253 [PXView 83.8       1.6     
NtGdiBitBlt [win32u.dll]                                               76.9       1.5     
NtUserMessageCall [win32u.dll]                                         47.6       0.9     
NtWaitForAlertByThreadId [ntdll.dll]                                   44.6       0.9     
pv::view::DecodeTrace::draw_annotation::ERKNS_4data6decode10Annotation 42.9       0.8     
NtFreeVirtualMemory [ntdll.dll]                                        31.8       0.6     
memcpy [msvcrt.dll]                                                    31.7       0.6     
NtUserWindowFromPoint [win32u.dll]                                     26.4       0.5     
0x31fbdb [Qt6Gui.dll]                                                  25.7       0.5     
0x136cf0 [Qt6Gui.dll]                                                  23.1       0.4     
pv::view::DecodeTrace::draw_annotation::ERKNS_4data6decode10Annotation 22.5       0.4     
0x36913b [Qt6Core.dll]                                                 22.4       0.4     
0x372f0a [Qt6Core.dll]                                                 21.8       0.4     
0x14242e [Qt6Gui.dll]                                                  21.1       0.4     
0x142436 [Qt6Gui.dll]                                                  20.8       0.4     
NtUserSetTimer [win32u.dll]                                            18.5       0.4     
RtlFreeHeap [ntdll.dll]                                                17.4       0.3     

==========================================================================================
7. WORKER & DECODER THREAD ANALYSIS
==========================================================================================

--- Thread 33: collect_proc (3573.6ms CPU) ---

--- Categories ---
Name                                                                   CPU(ms)    %       
------------------------------------------------------------------------------------------
lock_contention                                                        3339.8     93.5    
win32_ui                                                               173.3      4.9     
c_runtime                                                              22.2       0.6     
pxview_app                                                             21.2       0.6     
ntdll                                                                  11.8       0.3     
wait_sleep                                                             4.7        0.1     
usb_io                                                                 0.3        0.0     
qt_core                                                                0.1        0.0     
other                                                                  0.1        0.0     

--- Self-time top 15 ---
Name                                                                   CPU(ms)    %       
------------------------------------------------------------------------------------------
NtWaitForSingleObject [ntdll.dll]                                      3339.5     93.4    
NtUserPostMessage [win32u.dll]                                         173.3      4.9     
fun_7be80 [msvcrt.dll]                                                 21.7       0.6     
pv::data::LogicSnapshot::append_cross_payload::ERK17sr_datafeed_logic+ 11.9       0.3     
NtFreeVirtualMemory [ntdll.dll]                                        5.4        0.2     
pv::data::LogicSnapshot::calc_mipmap::Ejhhyb+244 [PXView.exe]          4.6        0.1     
NtWaitForAlertByThreadId [ntdll.dll]                                   4.5        0.1     
pv::data::LogicSnapshot::append_cross_payload::ERK17sr_datafeed_logic+ 3.3        0.1     
NtWriteFile [ntdll.dll]                                                2.4        0.1     
NtDeviceIoControlFile [ntdll.dll]                                      2.0        0.1     
NtSetEvent [ntdll.dll]                                                 1.6        0.0     
pv::data::LogicSnapshot::append_cross_payload::ERK17sr_datafeed_logic+ 0.5        0.0     
pv::data::LogicSnapshot::append_cross_payload::ERK17sr_datafeed_logic+ 0.4        0.0     
pv::data::LogicSnapshot::calc_mipmap::Ejhhyb+279 [PXView.exe]          0.2        0.0     
NtWaitForMultipleObjects [ntdll.dll]                                   0.2        0.0     

--- Top call paths ---
Name                                                                   CPU(ms)    %       
------------------------------------------------------------------------------------------
NtWaitForSingleObject [ntdll.dll] <- WaitForSingleObjectEx [KernelBase 3339.4     93.4    
NtUserPostMessage [win32u.dll] <- PostMessageW [user32.dll] <- 0x27826 173.3      4.9     
fun_7be80 [msvcrt.dll] <- pv::data::LogicSnapshot::append_cross_payloa 21.7       0.6     
pv::data::LogicSnapshot::append_cross_payload::ERK17sr_datafeed_logic+ 11.9       0.3     
NtFreeVirtualMemory [ntdll.dll] <- fun_8fa40 [ntdll.dll] <- fun_9d204  5.4        0.2     
pv::data::LogicSnapshot::calc_mipmap::Ejhhyb+244 [PXView.exe] <- pv::d 4.0        0.1     
NtWaitForAlertByThreadId [ntdll.dll] <- fun_9a7a0 [ntdll.dll] <- fun_1 3.9        0.1     
pv::data::LogicSnapshot::append_cross_payload::ERK17sr_datafeed_logic+ 3.3        0.1     
NtWriteFile [ntdll.dll] <- WriteFile [KernelBase.dll] <- fun_2381c [ms 2.4        0.1     
NtDeviceIoControlFile [ntdll.dll] <- DeviceIoControl [KernelBase.dll]  1.7        0.0     

--- Thread 36: pwm-1 (2597.6ms CPU) ---

--- Categories ---
Name                                                                   CPU(ms)    %       
------------------------------------------------------------------------------------------
wait_sleep                                                             2475.6     95.3    
pxview_app                                                             50.9       2.0     
python_decoder                                                         31.8       1.2     
ntdll                                                                  17.4       0.7     
other                                                                  17.0       0.7     
c_runtime                                                              2.1        0.1     
heap_alloc                                                             1.3        0.0     
qt_gui_other                                                           1.2        0.0     
memory_copy                                                            0.5        0.0     

--- Self-time top 15 ---
Name                                                                   CPU(ms)    %       
------------------------------------------------------------------------------------------
NtWaitForAlertByThreadId [ntdll.dll]                                   2457.7     94.6    
NtWaitForMultipleObjects [ntdll.dll]                                   17.9       0.7     
find_match+204 [PXView.exe]                                            6.3        0.2     
NtAlertThreadByThreadIdEx [ntdll.dll]                                  6.1        0.2     
find_match+236 [PXView.exe]                                            5.6        0.2     
find_match+182 [PXView.exe]                                            5.1        0.2     
fun_28aa0 [ntdll.dll]                                                  4.1        0.2     
find_match+179 [PXView.exe]                                            2.7        0.1     
find_match+196 [PXView.exe]                                            2.1        0.1     
GetLastError [kernel32.dll]                                            2.1        0.1     
find_match+256 [PXView.exe]                                            2.0        0.1     
find_match+412 [PXView.exe]                                            1.7        0.1     
0x72b2 [libwinpthread-1.dll]                                           1.7        0.1     
fun_d0881 [ntdll.dll]                                                  1.6        0.1     
TlsGetValue [kernel32.dll]                                             1.4        0.1     

--- Top call paths ---
Name                                                                   CPU(ms)    %       
------------------------------------------------------------------------------------------
NtWaitForAlertByThreadId [ntdll.dll] <- fun_49fe2 [ntdll.dll] <- Sleep 2457.4     94.6    
NtWaitForMultipleObjects [ntdll.dll] <- WaitForMultipleObjectsEx [Kern 17.9       0.7     
find_match+204 [PXView.exe] <- process_samples_until_condition_match+4 6.3        0.2     
NtAlertThreadByThreadIdEx [ntdll.dll] <- fun_56857 [ntdll.dll] <- Deco 6.1        0.2     
find_match+236 [PXView.exe] <- process_samples_until_condition_match+4 5.6        0.2     
find_match+182 [PXView.exe] <- process_samples_until_condition_match+4 5.1        0.2     
find_match+179 [PXView.exe] <- process_samples_until_condition_match+4 2.7        0.1     
find_match+196 [PXView.exe] <- process_samples_until_condition_match+4 2.1        0.1     
find_match+256 [PXView.exe] <- process_samples_until_condition_match+4 2.0        0.1     
find_match+412 [PXView.exe] <- process_samples_until_condition_match+4 1.7        0.1     

--- Thread 37: pwm_c-1 (1662.7ms CPU) ---

--- Categories ---
Name                                                                   CPU(ms)    %       
------------------------------------------------------------------------------------------
wait_sleep                                                             1608.9     96.8    
pxview_app                                                             37.2       2.2     
ntdll                                                                  8.9        0.5     
other                                                                  4.3        0.3     
qt_gui_other                                                           1.1        0.1     
c_runtime                                                              0.8        0.0     
heap_alloc                                                             0.7        0.0     
lock_contention                                                        0.6        0.0     
memory_copy                                                            0.3        0.0     

--- Self-time top 15 ---
Name                                                                   CPU(ms)    %       
------------------------------------------------------------------------------------------
NtWaitForAlertByThreadId [ntdll.dll]                                   1583.5     95.2    
NtWaitForMultipleObjects [ntdll.dll]                                   25.4       1.5     
find_match+204 [PXView.exe]                                            6.4        0.4     
NtAlertThreadByThreadIdEx [ntdll.dll]                                  3.6        0.2     
find_match+236 [PXView.exe]                                            3.5        0.2     
find_match+182 [PXView.exe]                                            2.8        0.2     
fun_28aa0 [ntdll.dll]                                                  1.8        0.1     
find_match+186 [PXView.exe]                                            1.4        0.1     
find_match+256 [PXView.exe]                                            1.3        0.1     
find_match+395 [PXView.exe]                                            1.3        0.1     
find_match+568 [PXView.exe]                                            1.3        0.1     
find_match+179 [PXView.exe]                                            1.2        0.1     
find_match+331 [PXView.exe]                                            1.2        0.1     
find_match+449 [PXView.exe]                                            1.1        0.1     
find_match+412 [PXView.exe]                                            1.0        0.1     

--- Top call paths ---
Name                                                                   CPU(ms)    %       
------------------------------------------------------------------------------------------
NtWaitForAlertByThreadId [ntdll.dll] <- fun_49fe2 [ntdll.dll] <- Sleep 796.9      47.9    
NtWaitForAlertByThreadId [ntdll.dll] <- fun_49fe2 [ntdll.dll] <- Sleep 786.4      47.3    
NtWaitForMultipleObjects [ntdll.dll] <- WaitForMultipleObjectsEx [Kern 25.4       1.5     
find_match+204 [PXView.exe] <- c_decoder_wait_impl+299 [PXView.exe] <- 4.0        0.2     
find_match+204 [PXView.exe] <- c_decoder_wait_impl+299 [PXView.exe] <- 2.4        0.1     
find_match+236 [PXView.exe] <- c_decoder_wait_impl+299 [PXView.exe] <- 2.2        0.1     
NtAlertThreadByThreadIdEx [ntdll.dll] <- fun_56857 [ntdll.dll] <- c_de 2.1        0.1     
find_match+182 [PXView.exe] <- c_decoder_wait_impl+299 [PXView.exe] <- 1.7        0.1     
NtAlertThreadByThreadIdEx [ntdll.dll] <- fun_56857 [ntdll.dll] <- c_de 1.5        0.1     
find_match+236 [PXView.exe] <- c_decoder_wait_impl+299 [PXView.exe] <- 1.3        0.1     

--- Thread 34: Thread <44572> (1432.8ms CPU) ---

--- Categories ---
Name                                                                   CPU(ms)    %       
------------------------------------------------------------------------------------------
wait_sleep                                                             1366.2     95.4    
lock_contention                                                        56.8       4.0     
ntdll                                                                  9.5        0.7     
win32_ui                                                               0.2        0.0     
pxview_app                                                             0.0        0.0     

--- Self-time top 15 ---
Name                                                                   CPU(ms)    %       
------------------------------------------------------------------------------------------
NtWaitForAlertByThreadId [ntdll.dll]                                   1366.2     95.4    
NtWaitForSingleObject [ntdll.dll]                                      56.8       4.0     
NtFreeVirtualMemory [ntdll.dll]                                        8.9        0.6     
NtAlertThreadByThreadIdEx [ntdll.dll]                                  0.4        0.0     
NtUserPostMessage [win32u.dll]                                         0.2        0.0     
fun_4a110 [ntdll.dll]                                                  0.2        0.0     
fun_49fe2 [ntdll.dll]                                                  0.1        0.0     
pv::data::DecoderStack::decode_data::EyyP11srd_session+945 [PXView.exe 0.0        0.0     

--- Top call paths ---
Name                                                                   CPU(ms)    %       
------------------------------------------------------------------------------------------
NtWaitForAlertByThreadId [ntdll.dll] <- fun_49fe2 [ntdll.dll] <- Sleep 1366.2     95.3    
NtWaitForSingleObject [ntdll.dll] <- WaitForSingleObjectEx [KernelBase 56.6       4.0     
NtFreeVirtualMemory [ntdll.dll] <- fun_8fa40 [ntdll.dll] <- fun_2d620  8.9        0.6     
NtAlertThreadByThreadIdEx [ntdll.dll] <- fun_56857 [ntdll.dll] <- srd_ 0.4        0.0     
NtUserPostMessage [win32u.dll] <- PostMessageW [user32.dll] <- 0x27826 0.2        0.0     
fun_4a110 [ntdll.dll] <- SleepConditionVariableSRW [KernelBase.dll] <- 0.2        0.0     
NtWaitForSingleObject [ntdll.dll] <- WaitForSingleObjectEx [KernelBase 0.1        0.0     
NtWaitForAlertByThreadId [ntdll.dll] <- fun_4a470 [ntdll.dll] <- RtlAc 0.1        0.0     
fun_49fe2 [ntdll.dll] <- SleepConditionVariableSRW [KernelBase.dll] <- 0.1        0.0     
NtWaitForSingleObject [ntdll.dll] <- WaitForSingleObjectEx [KernelBase 0.0        0.0     

--- Thread 35: Thread <73924> (873.4ms CPU) ---

--- Categories ---
Name                                                                   CPU(ms)    %       
------------------------------------------------------------------------------------------
wait_sleep                                                             813.1      93.1    
lock_contention                                                        59.1       6.8     
ntdll                                                                  1.0        0.1     
win32_ui                                                               0.2        0.0     
pxview_app                                                             0.0        0.0     
other                                                                  0.0        0.0     

--- Self-time top 15 ---
Name                                                                   CPU(ms)    %       
------------------------------------------------------------------------------------------
NtWaitForAlertByThreadId [ntdll.dll]                                   813.1      93.1    
NtWaitForSingleObject [ntdll.dll]                                      59.1       6.8     
NtAlertThreadByThreadIdEx [ntdll.dll]                                  0.7        0.1     
fun_4a110 [ntdll.dll]                                                  0.3        0.0     
NtUserPostMessage [win32u.dll]                                         0.2        0.0     
pv::data::DecoderStack::decode_data::EyyP11srd_session+945 [PXView.exe 0.0        0.0     
RtlAcquireSRWLockExclusive [ntdll.dll]                                 0.0        0.0     
fun_49fe2 [ntdll.dll]                                                  0.0        0.0     
RtlReleaseSRWLockExclusive [ntdll.dll]                                 0.0        0.0     
0x392f [libwinpthread-1.dll]                                           0.0        0.0     
srd_session_send+68 [PXView.exe]                                       0.0        0.0     

--- Top call paths ---
Name                                                                   CPU(ms)    %       
------------------------------------------------------------------------------------------
NtWaitForAlertByThreadId [ntdll.dll] <- fun_49fe2 [ntdll.dll] <- Sleep 812.9      93.1    
NtWaitForSingleObject [ntdll.dll] <- WaitForSingleObjectEx [KernelBase 58.8       6.7     
NtAlertThreadByThreadIdEx [ntdll.dll] <- fun_56857 [ntdll.dll] <- srd_ 0.7        0.1     
fun_4a110 [ntdll.dll] <- SleepConditionVariableSRW [KernelBase.dll] <- 0.3        0.0     
NtWaitForSingleObject [ntdll.dll] <- WaitForSingleObjectEx [KernelBase 0.3        0.0     
NtUserPostMessage [win32u.dll] <- PostMessageW [user32.dll] <- 0x27826 0.2        0.0     
NtWaitForAlertByThreadId [ntdll.dll] <- fun_4a470 [ntdll.dll] <- RtlAc 0.2        0.0     
pv::data::DecoderStack::decode_data::EyyP11srd_session+945 [PXView.exe 0.0        0.0     
RtlAcquireSRWLockExclusive [ntdll.dll] <- srd_inst_decode+153 [PXView. 0.0        0.0     
fun_49fe2 [ntdll.dll] <- SleepConditionVariableSRW [KernelBase.dll] <- 0.0        0.0     

--- Thread 7: hotplug_proc (286.5ms CPU) ---

--- Categories ---
Name                                                                   CPU(ms)    %       
------------------------------------------------------------------------------------------
wait_sleep                                                             273.9      95.6    
win32_ui                                                               12.1       4.2     
pxview_app                                                             0.4        0.2     
ntdll                                                                  0.1        0.0     
c_runtime                                                              0.0        0.0     
other                                                                  0.0        0.0     

--- Self-time top 15 ---
Name                                                                   CPU(ms)    %       
------------------------------------------------------------------------------------------
NtDelayExecution [ntdll.dll]                                           265.6      92.7    
NtUserPostMessage [win32u.dll]                                         12.1       4.2     
NtWaitForAlertByThreadId [ntdll.dll]                                   8.3        2.9     
pv::data::LogicSnapshot::calc_mipmap::Ejhhyb+279 [PXView.exe]          0.4        0.1     
flsbuf [msvcrt.dll]                                                    0.0        0.0     
pv::data::LogicSnapshot::append_cross_payload::ERK17sr_datafeed_logic+ 0.0        0.0     
NtWriteFile [ntdll.dll]                                                0.0        0.0     
fun_194980 [KernelBase.dll]                                            0.0        0.0     
RtlTryEnterCriticalSection [ntdll.dll]                                 0.0        0.0     
usb_hotplug_process_proc+100 [PXView.exe]                              0.0        0.0     
RtlFlsGetValue [ntdll.dll]                                             0.0        0.0     
WaitForMultipleObjectsEx [KernelBase.dll]                              0.0        0.0     
NtSetEvent [ntdll.dll]                                                 0.0        0.0     

--- Top call paths ---
Name                                                                   CPU(ms)    %       
------------------------------------------------------------------------------------------
NtDelayExecution [ntdll.dll] <- RtlDelayExecution [ntdll.dll] <- Sleep 265.6      92.7    
NtUserPostMessage [win32u.dll] <- PostMessageW [user32.dll] <- 0x27826 12.1       4.2     
NtWaitForAlertByThreadId [ntdll.dll] <- fun_9a7a0 [ntdll.dll] <- fun_1 8.0        2.8     
pv::data::LogicSnapshot::calc_mipmap::Ejhhyb+279 [PXView.exe] <- pv::d 0.4        0.1     
NtWaitForAlertByThreadId [ntdll.dll] <- fun_9a7a0 [ntdll.dll] <- fun_1 0.3        0.1     
flsbuf [msvcrt.dll] <- fputc [msvcrt.dll] <- __pformat_int.isra.0+641  0.0        0.0     
pv::data::LogicSnapshot::append_cross_payload::ERK17sr_datafeed_logic+ 0.0        0.0     
NtWriteFile [ntdll.dll] <- WriteFile [KernelBase.dll] <- fun_2381c [ms 0.0        0.0     
fun_194980 [KernelBase.dll] <- WaitForMultipleObjectsEx [KernelBase.dl 0.0        0.0     
RtlTryEnterCriticalSection [ntdll.dll] <- 0x7f34 [libusb-1.0.dll] <- 0 0.0        0.0     

--- Thread 6: Thread <19680> (89.7ms CPU) ---

--- Categories ---
Name                                                                   CPU(ms)    %       
------------------------------------------------------------------------------------------
ntdll                                                                  89.7       100.0   

--- Self-time top 15 ---
Name                                                                   CPU(ms)    %       
------------------------------------------------------------------------------------------
NtRemoveIoCompletion [ntdll.dll]                                       89.7       100.0   

--- Top call paths ---
Name                                                                   CPU(ms)    %       
------------------------------------------------------------------------------------------
NtRemoveIoCompletion [ntdll.dll] <- GetQueuedCompletionStatus [KernelB 89.7       100.0   

--- Thread 16: Thread <51528> (69.0ms CPU) ---

--- Categories ---
Name                                                                   CPU(ms)    %       
------------------------------------------------------------------------------------------
wait_sleep                                                             69.0       100.0   

--- Self-time top 15 ---
Name                                                                   CPU(ms)    %       
------------------------------------------------------------------------------------------
NtWaitForMultipleObjects [ntdll.dll]                                   69.0       100.0   

--- Top call paths ---
Name                                                                   CPU(ms)    %       
------------------------------------------------------------------------------------------
NtWaitForMultipleObjects [ntdll.dll] <- fun_ff00 [winmm.dll] <- BaseTh 69.0       100.0   

--- Thread 1: Thread <32624> (9.0ms CPU) ---

--- Categories ---
Name                                                                   CPU(ms)    %       
------------------------------------------------------------------------------------------
wait_sleep                                                             7.4        81.7    
ntdll                                                                  1.7        18.3    

--- Self-time top 15 ---
Name                                                                   CPU(ms)    %       
------------------------------------------------------------------------------------------
NtWaitForWorkViaWorkerFactory [ntdll.dll]                              7.4        81.7    
NtOpenFile [ntdll.dll]                                                 1.3        14.3    
NtQueryAttributesFile [ntdll.dll]                                      0.3        3.0     
NtMapViewOfSection [ntdll.dll]                                         0.1        0.8     
NtUnmapViewOfSection [ntdll.dll]                                       0.0        0.2     

--- Top call paths ---
Name                                                                   CPU(ms)    %       
------------------------------------------------------------------------------------------
NtWaitForWorkViaWorkerFactory [ntdll.dll] <- fun_238d0 [ntdll.dll] <-  7.4        81.7    
NtOpenFile [ntdll.dll] <- fun_7169b [ntdll.dll] <- fun_75388 [ntdll.dl 1.3        14.3    
NtQueryAttributesFile [ntdll.dll] <- fun_75f7e [ntdll.dll] <- fun_75b5 0.3        3.0     
NtMapViewOfSection [ntdll.dll] <- fun_72f73 [ntdll.dll] <- fun_72b70 [ 0.1        0.8     
NtUnmapViewOfSection [ntdll.dll] <- fun_732b0 [ntdll.dll] <- fun_72b70 0.0        0.2     

--- Thread 2: Thread <62168> (5.3ms CPU) ---

--- Categories ---
Name                                                                   CPU(ms)    %       
------------------------------------------------------------------------------------------
wait_sleep                                                             3.8        72.1    
ntdll                                                                  1.5        27.9    

--- Self-time top 15 ---
Name                                                                   CPU(ms)    %       
------------------------------------------------------------------------------------------
NtWaitForWorkViaWorkerFactory [ntdll.dll]                              3.8        72.1    
NtQueryAttributesFile [ntdll.dll]                                      1.4        25.8    
NtClose [ntdll.dll]                                                    0.0        0.9     
NtMapViewOfSection [ntdll.dll]                                         0.0        0.7     
NtCreateSection [ntdll.dll]                                            0.0        0.5     

--- Top call paths ---
Name                                                                   CPU(ms)    %       
------------------------------------------------------------------------------------------
NtWaitForWorkViaWorkerFactory [ntdll.dll] <- fun_238d0 [ntdll.dll] <-  3.8        72.1    
NtQueryAttributesFile [ntdll.dll] <- fun_75f7e [ntdll.dll] <- fun_75b5 1.4        25.8    
NtMapViewOfSection [ntdll.dll] <- fun_72f73 [ntdll.dll] <- fun_72b70 [ 0.0        0.7     
NtCreateSection [ntdll.dll] <- fun_7169b [ntdll.dll] <- fun_74f30 [ntd 0.0        0.5     
NtClose [ntdll.dll] <- fun_71884 [ntdll.dll] <- fun_75388 [ntdll.dll]  0.0        0.5     
NtClose [ntdll.dll] <- fun_71884 [ntdll.dll] <- fun_74f30 [ntdll.dll]  0.0        0.4     

==========================================================================================
8. LOCK CONTENTION & BLOCKING ANALYSIS (all threads)
==========================================================================================

Thread 0 (PXView.exe): 189.5ms in blocking/waiting
  NtWaitForSingleObject: 127.2ms
  NtWaitForAlertByThreadId: 44.6ms
  RtlFreeHeap: 17.4ms
  NtWaitForMultipleObjects: 0.4ms

Thread 33 (collect_proc): 3344.3ms in blocking/waiting
  NtWaitForSingleObject: 3339.5ms
  NtWaitForAlertByThreadId: 4.5ms
  NtWaitForMultipleObjects: 0.2ms
  RtlEnterCriticalSection: 0.2ms

Thread 36 (pwm-1): 2476.8ms in blocking/waiting
  NtWaitForAlertByThreadId: 2457.7ms
  NtWaitForMultipleObjects: 17.9ms
  RtlFreeHeap: 0.8ms
  RtlAllocateHeap: 0.5ms

Thread 37 (pwm_c-1): 1609.7ms in blocking/waiting
  NtWaitForAlertByThreadId: 1583.5ms
  NtWaitForMultipleObjects: 25.4ms
  RtlFreeHeap: 0.5ms
  RtlAllocateHeap: 0.2ms
  RtlEnterCriticalSection: 0.1ms

Thread 34 (Thread <44572>): 1423.0ms in blocking/waiting
  NtWaitForAlertByThreadId: 1366.2ms
  NtWaitForSingleObject: 56.8ms

Thread 35 (Thread <73924>): 872.2ms in blocking/waiting
  NtWaitForAlertByThreadId: 813.1ms
  NtWaitForSingleObject: 59.1ms

Thread 7 (hotplug_proc): 273.9ms in blocking/waiting
  NtDelayExecution: 265.6ms
  NtWaitForAlertByThreadId: 8.3ms

Thread 16 (Thread <51528>): 69.0ms in blocking/waiting
  NtWaitForMultipleObjects: 69.0ms

Thread 1 (Thread <32624>): 7.4ms in blocking/waiting
  NtWaitForWorkViaWorkerFactory: 7.4ms

Thread 2 (Thread <62168>): 3.8ms in blocking/waiting
  NtWaitForWorkViaWorkerFactory: 3.8ms

Thread 3 (Thread <65540>): 3.5ms in blocking/waiting
  NtWaitForWorkViaWorkerFactory: 3.5ms

Thread 15 (Thread (pooled)): 2.1ms in blocking/waiting
  NtWaitForSingleObject: 2.1ms

Thread 8 (Thread (pooled)): 2.2ms in blocking/waiting
  NtWaitForSingleObject: 2.2ms

Thread 14 (Thread (pooled)): 1.9ms in blocking/waiting
  NtWaitForSingleObject: 1.9ms
  NtWaitForAlertByThreadId: 0.0ms

Thread 11 (Thread (pooled)): 2.1ms in blocking/waiting
  NtWaitForSingleObject: 2.1ms

Thread 39 (Thread (pooled)): 2.2ms in blocking/waiting
  NtWaitForSingleObject: 2.2ms

==========================================================================================
9. PXView.exe FUNCTION ANALYSIS (main thread, lag period)
==========================================================================================

PXView.exe functions by SELF-TIME:
Function                       CPU(ms)    %       
--------------------------------------------------
pv::view::DecodeTrace::draw_an 1328.0     25.7    
pv::data::decode::RowData::get 152.5      3.0     
pv::view::DecodeTrace::paint_m 83.8       1.6     
pv::view::DecodeTrace::draw_an 42.9       0.8     
pv::view::DecodeTrace::draw_an 22.5       0.4     
pv::view::DecodeTrace::paint_m 16.7       0.3     
pv::view::DecodeTrace::draw_an 16.3       0.3     
pv::view::DecodeTrace::draw_an 15.2       0.3     
pv::view::DecodeTrace::draw_an 14.6       0.3     
pv::view::DecodeTrace::draw_an 11.1       0.2     
pv::data::decode::RowData::get 10.8       0.2     
pv::view::DecodeTrace::paint_m 10.6       0.2     
pv::view::DecodeTrace::draw_an 10.2       0.2     
pv::view::DecodeTrace::draw_an 10.0       0.2     
pv::data::decode::RowData::get 8.0        0.2     
pv::view::DecodeTrace::draw_an 7.8        0.2     
pv::view::DecodeTrace::paint_m 6.6        0.1     
pv::view::Trace::get_text_colo 6.1        0.1     
pv::view::DecodeTrace::draw_an 5.6        0.1     
pv::view::Trace::get_text_colo 5.4        0.1     

PXView.exe functions by TOTAL-TIME:
Function                       CPU(ms)    %       
--------------------------------------------------
DSApplication::notify::EP7QObj 5560.4     107.5   
__tmainCRTStartup+184          5048.4     97.6    
.l_startw+17                   5048.4     97.6    
main+2229                      4730.8     91.5    
pv::view::Viewport::doPaint::E 2279.8     44.1    
pv::view::Viewport::paintSigna 2236.0     43.2    
pv::view::DecodeTrace::paint_m 1514.8     29.3    
pv::view::DecodeTrace::draw_an 1328.0     25.7    
pv::view::DecodeTrace::paint_m 376.6      7.3     
pv::view::Trace::get_text_colo 283.5      5.5     
pv::data::DecoderStack::D2Ev+1 235.4      4.6     
pv::data::DecoderStack::D0Ev+1 235.4      4.6     
pv::view::DecodeTrace::D2Ev+13 235.4      4.6     
pv::view::DecodeTrace::D0Ev+13 235.4      4.6     
pv::SigSession::clear_all_docu 235.4      4.6     
pv::SigSession::Close::Ev+43   235.4      4.6     
main+2280                      235.4      4.6     
pv::view::DecodeTrace::paint_m 207.9      4.0     
pv::dock::ProtocolDock::search 160.0      3.1     
pv::dock::ProtocolDock::update 160.0      3.1     

Callers of top self-time function 'pv::view::DecodeTrace::draw_annotation::ERKNS_4data6decode10AnnotationER8QPainter6QColoriiiddiydS9_S9_Rd+77':
  pv::view::DecodeTrace::paint_mid::ER8QPainterii6QColorS4_+23: 1328.0ms

==========================================================================================
10. DECODE PIPELINE ANALYSIS
==========================================================================================
Threads with decode activity:

  Thread 36 (pwm-1): 2597.6ms decode CPU
    0x1340aa [libpython3.14.dll]: 2545.4ms
    0x1758b4 [libpython3.14.dll]: 2.6ms
    0x1870ea [libpython3.14.dll]: 1.3ms
    0x91b3f [libpython3.14.dll]: 1.3ms
    0x26715d [libpython3.14.dll]: 1.1ms
    0x18581a [libpython3.14.dll]: 1.1ms
    0x91c22 [libpython3.14.dll]: 1.0ms
    0x198c7e [libpython3.14.dll]: 1.0ms
    0x2438ec [libpython3.14.dll]: 0.9ms
    0x175899 [libpython3.14.dll]: 0.8ms

  Thread 0 (PXView.exe): 12.7ms decode CPU
    0x9c0c1 [libpython3.14.dll]: 4.7ms
    0x16803a [libpython3.14.dll]: 4.4ms
    0x9e973 [libpython3.14.dll]: 2.4ms
    0x9e112 [libpython3.14.dll]: 1.1ms
    0x244047 [libpython3.14.dll]: 0.0ms

==========================================================================================
11. DATA COPY / memcpy ANALYSIS (main thread)
==========================================================================================
Total memcpy/memmove CPU on main thread: 31.7ms
Called from:
  St6vectorIPN2pv4data6decode10AnnotationESaIS4_EE17_M_realloc: 23.0ms
  pv::dock::ProtocolDock::search_done::Ev+907 [PXView.exe]: 7.3ms
  pv::data::SessionDocument::copy_from_logic::EPNS0_13LogicSna: 1.4ms

==========================================================================================
12. ROOT CAUSE SUMMARY
==========================================================================================

Lag period total CPU: 5170.9ms

Category breakdown:
  win32_ui                    2120.9ms   41.0%  ####################
  pxview_app                  1835.3ms   35.5%  #################
  qt_gui_other                 476.4ms    9.2%  ####
  ntdll                        229.9ms    4.4%  ##
  qt_core                      157.0ms    3.0%  #
  lock_contention              128.7ms    2.5%  #
  win32_msg_pump               104.8ms    2.0%  #
  wait_sleep                    45.0ms    0.9%  
  memory_copy                   31.7ms    0.6%  
  heap_alloc                    17.4ms    0.3%  
  c_runtime                      8.6ms    0.2%  
  python_decoder                 4.5ms    0.1%  
  qt_widgets                     3.6ms    0.1%  
  other                          3.4ms    0.1%  
  text_rendering_dwrite          1.9ms    0.0%  
  text_shaping                   1.8ms    0.0%  

--- Key Findings ---
  1. PXView app code: 1835.3ms (35.5%) - check symbol addresses

--- Recommendations ---
